  #time                     mass                      x-momentum                y-momentum                z-momentum                E_total                   E_kinetic                 E_internal               
  0.000000000000000000E+00  1.000000000000000222E+00  0.000000000000000000E+00  0.000000000000000000E+00  0.000000000000000000E+00  9.942568941457471388E-01  0.000000000000000000E+00  9.942568941457471388E-01
  1.000000000000000036E-10  1.000000000000000000E+00  0.000000000000000000E+00  0.000000000000000000E+00  0.000000000000000000E+00  9.942568941457473608E-01  4.188186548378502318E-14  9.942568941457052833E-01
  2.999999999999999980E-10  1.000000000000000222E+00 -8.271806125530276749E-25 -1.654361225106055350E-24  0.000000000000000000E+00  9.942568941457473608E-01  3.817395378715078790E-13  9.942568941453655551E-01
  7.000000000000000643E-10  1.000000000000000222E+00 -2.481541837659083025E-24 -8.271806125530276749E-25  0.000000000000000000E+00  9.942568941457472498E-01  2.089417666227351026E-12  9.942568941436580321E-01
  1.500000000000000197E-09  1.000000000000000222E+00  3.308722450212110699E-24  0.000000000000000000E+00  0.000000000000000000E+00  9.942568941457473608E-01  9.623503598175946790E-12  9.942568941361239476E-01
  3.100000000000000462E-09  1.000000000000000000E+00 -3.308722450212110699E-24  3.308722450212110699E-24  0.000000000000000000E+00  9.942568941457473608E-01  4.118127422662520462E-11  9.942568941045659692E-01
  6.300000000000000165E-09  1.000000000000000000E+00  0.000000000000000000E+00 -1.323488980084844280E-23  0.000000000000000000E+00  9.942568941457473608E-01  1.702858846443275977E-10  9.942568939754615753E-01
  1.270000000000000123E-08  1.000000000000000000E+00 -1.323488980084844280E-23  2.646977960169688560E-23  0.000000000000000000E+00  9.942568941457474718E-01  6.925068455310011780E-10  9.942568934532406422E-01
  2.550000000000000335E-08  1.000000000000000000E+00  2.646977960169688560E-23 -2.646977960169688560E-23  0.000000000000000000E+00  9.942568941457473608E-01  2.793032408243098575E-09  9.942568913527147778E-01
  5.110000000000000097E-08  1.000000000000000000E+00 -5.293955920339377119E-23 -5.293955920339377119E-23  0.000000000000000000E+00  9.942568941457473608E-01  1.121785908436408250E-08  9.942568829278882747E-01
  1.023000000000000095E-07  1.000000000000000000E+00  1.058791184067875424E-22  2.117582368135750848E-22  0.000000000000000000E+00  9.942568941457471388E-01  4.495637407096446247E-08  9.942568491893732929E-01
  2.047000000000000264E-07  1.000000000000000222E+00  2.117582368135750848E-22  1.482307657695025593E-21  0.000000000000000000E+00  9.942568941457472498E-01  1.799351772996412764E-07  9.942567142105699363E-01
  4.095000000000000603E-07  1.000000000000000000E+00  0.000000000000000000E+00  2.964615315390051187E-21  0.000000000000000000E+00  9.942568941457470277E-01  7.194617227585900133E-07  9.942561746840244963E-01
  8.191000000000001282E-07  1.000000000000000222E+00  2.541098841762901017E-21  0.000000000000000000E+00  0.000000000000000000E+00  9.942568941457472498E-01  2.873259980445716540E-06  9.942540208857667539E-01
  1.638300000000000052E-06  1.000000000000000000E+00 -1.694065894508600678E-21 -1.694065894508600678E-21  0.000000000000000000E+00  9.942568941457473608E-01  1.145152167283957082E-05  9.942454426240744381E-01
  3.276700000000000324E-06  1.000000000000000222E+00  0.000000000000000000E+00  0.000000000000000000E+00  0.000000000000000000E+00  9.942568941457473608E-01  4.546471142890615987E-05  9.942114294343183944E-01
  6.553500000000000867E-06  1.000000000000000000E+00  3.388131789017201356E-20  0.000000000000000000E+00  0.000000000000000000E+00  9.942568941457473608E-01  1.791311675848491179E-04  9.940777629781624158E-01
  1.310710000000000195E-05  1.000000000000000222E+00 -1.355252715606880543E-20 -2.710505431213761085E-20  0.000000000000000000E+00  9.942568941457472498E-01  6.951800040723267807E-04  9.935617141416749343E-01
  2.621430000000000412E-05  9.999999999999998890E-01  5.421010862427522170E-20 -1.355252715606880543E-19  0.000000000000000000E+00  9.942568941457472498E-01  2.619156159437271199E-03  9.916377379863101638E-01
  5.242870000000000169E-05  1.000000000000000000E+00  1.084202172485504434E-19 -1.084202172485504434E-19  0.000000000000000000E+00  9.942568941457475828E-01  9.327769700544353074E-03  9.849291244452030858E-01
  1.048575000000000104E-04  1.000000000000000222E+00  0.000000000000000000E+00 -1.084202172485504434E-19  0.000000000000000000E+00  9.942568941457474718E-01  2.888461259827270616E-02  9.653722815474746755E-01
  1.919623785903328060E-04  9.999999999999998890E-01 -8.673617379884035472E-19 -2.168404344971008868E-19  0.000000000000000000E+00  9.942568941457476939E-01  6.464433880661782372E-02  9.296125553391297869E-01
  2.686439548541490869E-04  1.000000000000000000E+00 -8.673617379884035472E-19 -1.301042606982605321E-18  0.000000000000000000E+00  9.942568941457478049E-01  9.718780272342099347E-02  8.970690914223267143E-01
  3.395466152567857632E-04  1.000000000000000222E+00  0.000000000000000000E+00  0.000000000000000000E+00  0.000000000000000000E+00  9.942568941457475828E-01  1.215076614696664337E-01  8.727492326760812880E-01
  4.089790723037969714E-04  1.000000000000000000E+00 -8.673617379884035472E-19  4.336808689942017736E-19  0.000000000000000000E+00  9.942568941457479159E-01  1.422544527701689043E-01  8.520024413755787895E-01
  4.785263058128370276E-04  9.999999999999997780E-01  1.734723475976807094E-18  4.336808689942017736E-19  0.000000000000000000E+00  9.942568941457480269E-01  1.570625662331124328E-01  8.371943279126353721E-01
  5.487974869496639249E-04  1.000000000000000444E+00 -1.734723475976807094E-18  1.734723475976807094E-18  0.000000000000000000E+00  9.942568941457480269E-01  1.683360700124471587E-01  8.259208241333008127E-01
  6.204105383267895625E-04  1.000000000000000222E+00  1.734723475976807094E-18  4.336808689942017736E-18  0.000000000000000000E+00  9.942568941457482490E-01  1.726426151412604748E-01  8.216142790044875799E-01
  6.936086331406720153E-04  1.000000000000000222E+00  2.602085213965210642E-18  6.071532165918824830E-18  0.000000000000000000E+00  9.942568941457481380E-01  1.754462784642317197E-01  8.188106156815164738E-01
  7.699764664855874782E-04  1.000000000000000000E+00  2.602085213965210642E-18 -1.734723475976807094E-18  0.000000000000000000E+00  9.942568941457408105E-01  1.761415854669997894E-01  8.181153086787413820E-01
  8.518319988870791133E-04  1.000000000000000222E+00  0.000000000000000000E+00 -8.673617379884035472E-19  0.000000000000000000E+00  9.942568941457408105E-01  1.750955051314305733E-01  8.191613890143105703E-01
  9.409112311745200692E-04  9.999999999999998890E-01  1.734723475976807094E-18  1.734723475976807094E-18  0.000000000000000000E+00  9.942568941457414766E-01  1.768098186942184957E-01  8.174470754515228421E-01
  1.034685269785900899E-03  1.000000000000000222E+00  3.469446951953614189E-18 -1.734723475976807094E-18  0.000000000000000000E+00  9.942568941457411436E-01  1.763718383743707874E-01  8.178850557713703839E-01
  1.132412113402002807E-03  1.000000000000000222E+00  1.734723475976807094E-18  3.469446951953614189E-18  0.000000000000000000E+00  9.942568941457412546E-01  1.785823850358083664E-01  8.156745091099331102E-01
  1.234949759886169555E-03  1.000000000000000222E+00 -1.734723475976807094E-18 -8.673617379884035472E-19  0.000000000000000000E+00  9.942568941457416987E-01  1.811683181325109138E-01  8.130885760132305906E-01
  1.342530625566426983E-03  9.999999999999998890E-01  5.204170427930421283E-18  9.540979117872439019E-18  0.000000000000000000E+00  9.942568941457414766E-01  1.833833019367590578E-01  8.108735922089829185E-01
  1.456432143805915002E-03  1.000000000000000222E+00  5.204170427930421283E-18  5.204170427930421283E-18  0.000000000000000000E+00  9.942568941457414766E-01  1.865084617591155625E-01  8.077484323866259697E-01
  1.558190601239549779E-03  1.000000000000000222E+00  8.673617379884035472E-19 -8.673617379884035472E-19  0.000000000000000000E+00  9.942568941457414766E-01  1.865109846213607314E-01  8.077459095243809672E-01
  1.661458368835368920E-03  1.000000000000000000E+00 -2.602085213965210642E-18 -5.204170427930421283E-18  0.000000000000000000E+00  9.942568941457421428E-01  1.860119190618833851E-01  8.082449750838585079E-01
  1.771941533026695449E-03  1.000000000000000222E+00  0.000000000000000000E+00 -6.938893903907228378E-18  0.000000000000000000E+00  9.942568941457424758E-01  1.858273534571368568E-01  8.084295406886053970E-01
  1.890333965628974685E-03  1.000000000000000222E+00 -2.602085213965210642E-18 -6.938893903907228378E-18  0.000000000000000000E+00  9.942568941457426979E-01  1.848466913249430799E-01  8.094102028207992294E-01
  2.016495009079113856E-03  1.000000000000000000E+00  8.673617379884035472E-19  1.301042606982605321E-17  0.000000000000000000E+00  9.942568941457431420E-01  1.848877151175565836E-01  8.093691790281858367E-01
  2.143257618982226127E-03  1.000000000000000000E+00 -6.938893903907228378E-18 -5.204170427930421283E-18  0.000000000000000000E+00  9.942568941457428089E-01  1.849920054015318782E-01  8.092648887442108752E-01
  2.268523172599777506E-03  1.000000000000000000E+00  1.734723475976807094E-18 -3.469446951953614189E-18  0.000000000000000000E+00  9.942568941457429199E-01  1.845015056120974106E-01  8.097553885336453705E-01
  2.387555654243800167E-03  1.000000000000000000E+00  1.734723475976807094E-18  2.109982863519564481-251  0.000000000000000000E+00  9.942568941457432530E-01  1.847651032368347879E-01  8.094917909089081043E-01
  2.502789992807822120E-03  1.000000000000000222E+00  1.734723475976807094E-17  2.255140518769849223E-17  0.000000000000000000E+00  9.942568941457436971E-01  1.848364234452688215E-01  8.094204707004744037E-01
  2.616743014843736417E-03  1.000000000000000222E+00 -3.469446951953614189E-18  1.561251128379126385E-17  0.000000000000000000E+00  9.942568941457439191E-01  1.845441444642874074E-01  8.097127496814560121E-01
  2.729203080479485413E-03  1.000000000000000000E+00 -6.938893903907228378E-18 -5.204170427930421283E-18  0.000000000000000000E+00  9.942568941457443632E-01  1.852166931804616334E-01  8.090402009652819526E-01
  2.841165664812936135E-03  1.000000000000000000E+00  3.469446951953614189E-18  8.673617379884035472E-18  0.000000000000000000E+00  9.942568941457435860E-01  1.852269664832850438E-01  8.090299276624584035E-01
  2.954402427404500316E-03  1.000000000000000222E+00  5.204170427930421283E-18  3.469446951953614189E-18  0.000000000000000000E+00  9.942568941457408105E-01  1.854468969748319929E-01  8.088099971709089564E-01
  3.070562517761283704E-03  1.000000000000000222E+00 -1.908195823574487804E-17 -5.204170427930421283E-18  0.000000000000000000E+00  9.942568941457411436E-01  1.857829219810434029E-01  8.084739721646975186E-01
  3.188101808022238137E-03  9.999999999999997780E-01  5.204170427930421283E-18  8.673617379884035472E-18  0.000000000000000000E+00  9.942568941457409215E-01  1.858902483624988444E-01  8.083666457832421326E-01
  3.308834770421710016E-03  1.000000000000000222E+00 -3.469446951953614189E-18 -6.938893903907228378E-18  0.000000000000000000E+00  9.942568941457421428E-01  1.860978225172670308E-01  8.081590716284744458E-01
  3.432681511747683652E-03  9.999999999999997780E-01 -6.938893903907228378E-18 -3.469446951953614189E-18  0.000000000000000000E+00  9.942568941457412546E-01  1.858130058687507968E-01  8.084438882769904300E-01
  3.559257926543556421E-03  1.000000000000000222E+00 -8.673617379884035472E-18 -2.255140518769849223E-17  0.000000000000000000E+00  9.942568941457416987E-01  1.859387228416726212E-01  8.083181713040686889E-01
  3.688501561711636685E-03  1.000000000000000222E+00 -1.387778780781445676E-17 -3.469446951953614189E-18  0.000000000000000000E+00  9.942568941457418097E-01  1.861989423328496152E-01  8.080579518128925276E-01
  3.820602911213236141E-03  1.000000000000000444E+00  3.469446951953614189E-18 -1.734723475976807094E-18  0.000000000000000000E+00  9.942568941457422538E-01  1.858255104077386477E-01  8.084313837380036061E-01
  3.955849292577980937E-03  1.000000000000000444E+00  1.734723475976807094E-18 -6.938893903907228378E-18  0.000000000000000000E+00  9.942568941457426979E-01  1.860793467072553442E-01  8.081775474384872426E-01
  4.094346752418303453E-03  9.999999999999998890E-01 -8.673617379884035472E-18 -3.469446951953614189E-18  0.000000000000000000E+00  9.942568941457426979E-01  1.862755780029896613E-01  8.079813161427523704E-01
  4.235482450193963321E-03  1.000000000000000000E+00  1.734723475976807094E-18 -1.214306433183764966E-17  0.000000000000000000E+00  9.942568941457433640E-01  1.863156816011360961E-01  8.079412125446068238E-01
  4.379240338531957197E-03  1.000000000000000222E+00 -5.204170427930421283E-18  5.204170427930421283E-18  0.000000000000000000E+00  9.942568941457434750E-01  1.866216005918682475E-01  8.076352935538750888E-01
  4.524875465626644264E-03  1.000000000000000222E+00 -3.469446951953614189E-18 -1.040834085586084257E-17  0.000000000000000000E+00  9.942568941457430309E-01  1.867416849814411139E-01  8.075152091643023056E-01
  4.672871506994240309E-03  1.000000000000000222E+00  1.734723475976807094E-17  2.255140518769849223E-17  0.000000000000000000E+00  9.942568941457436971E-01  1.871162608926307258E-01  8.071406332531129157E-01
  4.822789362058465742E-03  1.000000000000000444E+00 -1.734723475976807094E-18  8.673617379884035472E-18  0.000000000000000000E+00  9.942568941457440301E-01  1.872983996852204680E-01  8.069584944605238119E-01
  4.974223766252377360E-03  1.000000000000000666E+00  2.949029909160572061E-17  3.122502256758252770E-17  0.000000000000000000E+00  9.942568941457435860E-01  1.875628197316750456E-01  8.066940744140687070E-01
  5.126811988586647655E-03  9.999999999999996669E-01 -1.561251128379126385E-17 -1.734723475976807094E-18  0.000000000000000000E+00  9.942568941457432530E-01  1.881110384600027108E-01  8.061458556857412638E-01
  5.280289956048300065E-03  9.999999999999998890E-01  1.734723475976807094E-17  3.469446951953614189E-18  0.000000000000000000E+00  9.942568941457420317E-01  1.881799520029779349E-01  8.060769421427661507E-01
  5.434499024711970938E-03  1.000000000000000444E+00  5.204170427930421283E-18  7.754950408047039150E-62  0.000000000000000000E+00  9.942568941457413656E-01  1.885029993825456940E-01  8.057538947631980308E-01
  5.589508548632556896E-03  1.000000000000000222E+00  3.469446951953614189E-18 -1.214306433183764966E-17  0.000000000000000000E+00  9.942568941457420317E-01  1.890176534922856089E-01  8.052392406534589764E-01
  5.745381896825067260E-03  1.000000000000000000E+00 -5.204170419678554880E-18 -3.469446943701747786E-18  0.000000000000000000E+00  9.942568941457429199E-01  1.891548086588831779E-01  8.051020854868614629E-01
  5.902126550521578571E-03  1.000000000000000222E+00  6.938894904806492344E-18  1.908195923664414046E-17  0.000000000000000000E+00  9.942568941457435860E-01  1.895310252193933565E-01  8.047258689263517839E-01
  6.059680084513998678E-03  1.000000000000000222E+00 -1.561245397613755239E-17 -5.204113120276711367E-18  0.000000000000000000E+00  9.942568941457433640E-01  1.898959619909997842E-01  8.043609321547444679E-01
  6.217893302642634422E-03  1.000000000000000000E+00 -3.467722676596086892E-18 -1.732999200619279798E-18  0.000000000000000000E+00  9.942568941457434750E-01  1.902667413519889827E-01  8.039901527937546311E-01
  6.376750639550592646E-03  1.000000000000000000E+00 -3.802874166060491495E-17 -4.843708251646575752E-17  0.000000000000000000E+00  9.942568941457442522E-01  1.907386798460203592E-01  8.035182142997250310E-01
  6.535656462333094482E-03  9.999999999999997780E-01  3.052673337165635293E-17  3.746562727556357515E-17  0.000000000000000000E+00  9.942568941457445852E-01  1.909733079514002729E-01  8.032835861943441458E-01
  6.693705755547492940E-03  1.000000000000000000E+00 -2.626889688891573544E-18  6.046727690992461928E-18  0.000000000000000000E+00  9.942568941457443632E-01  1.913423182050775773E-01  8.029145759406673966E-01
  6.850702062665812823E-03  1.000000000000000000E+00  1.049941313315808412E-17  1.743830703706531249E-17  0.000000000000000000E+00  9.942568941457445852E-01  1.918650784274871790E-01  8.023918157182570177E-01
  7.006434230404081850E-03  9.999999999999997780E-01  1.447375759812101455E-17  3.182099235879785326E-17  0.000000000000000000E+00  9.942568941457450293E-01  1.921069691595473639E-01  8.021499249861967495E-01
  7.160848387578109403E-03  9.999999999999995559E-01 -1.250595857367777253E-17 -1.597540552886256099E-17  0.000000000000000000E+00  9.942568941457454734E-01  1.923295852126579164E-01  8.019273089330873905E-01
  7.314325269580831609E-03  9.999999999999996669E-01 -5.204170427930421283E-18  3.469446951953614189E-18  0.000000000000000000E+00  9.942568941457429199E-01  1.927591427755760423E-01  8.014977513701639911E-01
  7.467526189482627010E-03  1.000000000000000000E+00 -2.255140518769849223E-17 -1.040834085586084257E-17  0.000000000000000000E+00  9.942568941457428089E-01  1.930127802950794280E-01  8.012441138506609661E-01
  7.620463402322859986E-03  1.000000000000000666E+00 -3.816391647148975608E-17 -2.081668171172168513E-17  0.000000000000000000E+00  9.942568941457435860E-01  1.932669449312208187E-01  8.009899492145202693E-01
  7.773874521103158949E-03  1.000000000000000222E+00  2.081668171172168513E-17  5.204170427930421283E-17  0.000000000000000000E+00  9.942568941457436971E-01  1.935525644563775849E-01  8.007043296893637807E-01
  7.928286574516760221E-03  1.000000000000000444E+00 -1.387778780781445676E-17  3.469446951953614189E-18  0.000000000000000000E+00  9.942568941457436971E-01  1.937481297163014538E-01  8.005087644294395233E-01
  8.083712511249625809E-03  1.000000000000000444E+00 -3.469446951953614189E-18  1.734723475976807094E-17  0.000000000000000000E+00  9.942568941457451404E-01  1.939154215420760274E-01  8.003414726036651716E-01
  8.240596355413682197E-03  9.999999999999997780E-01  3.122502256758252770E-17  1.040834085586084257E-17  0.000000000000000000E+00  9.942568941457439191E-01  1.942606027591461393E-01  7.999962913865956704E-01
  8.398924365359272670E-03  1.000000000000000000E+00 -2.428612866367529932E-17  2.081668171172168513E-17  0.000000000000000000E+00  9.942568941457446963E-01  1.944430228520632187E-01  7.998138712936794237E-01
  8.558950718350851958E-03  1.000000000000000222E+00 -1.040834085586084257E-17  1.734723475976807094E-17  0.000000000000000000E+00  9.942568941457444742E-01  1.945279296665572144E-01  7.997289644791847341E-01
  8.720753100365135832E-03  9.999999999999998890E-01 -2.775557561562891351E-17 -1.734723475976807094E-17  0.000000000000000000E+00  9.942568941457448073E-01  1.947425329499357927E-01  7.995143611958065444E-01
  8.884219353603959105E-03  1.000000000000000444E+00 -2.775557561562891351E-17 -1.040834085586084257E-17  0.000000000000000000E+00  9.942568941457458065E-01  1.950143265314547847E-01  7.992425676142882462E-01
  9.048704970742789400E-03  9.999999999999997780E-01  6.938893903907228378E-18  8.399350940208137031E-70  0.000000000000000000E+00  9.942568941457448073E-01  1.951046547465823955E-01  7.991522393991604689E-01
  9.214313366745403161E-03  1.000000000000000444E+00  2.737396799023992339E-51  5.204170427930421283E-17  0.000000000000000000E+00  9.942568941457448073E-01  1.952391642760570312E-01  7.990177298696857777E-01
  9.381185828756797782E-03  9.999999999999997780E-01 -4.163336342344337027E-17 -4.163336342344337027E-17  0.000000000000000000E+00  9.942568941457444742E-01  1.954239347494762802E-01  7.988329593962677500E-01
  9.549298261646762750E-03  1.000000000000000444E+00 -3.469446951953614189E-18  9.185400151939296226E-44  0.000000000000000000E+00  9.942568941457452514E-01  1.955002776260771902E-01  7.987566165196653412E-01
  9.718568179255968054E-03  1.000000000000000222E+00 -3.122502256310198881E-17 -6.591949208039785817E-17  0.000000000000000000E+00  9.942568941457450293E-01  1.956343054210386290E-01  7.986225887247043742E-01
  9.888773393132779810E-03  1.000000000000000444E+00  6.938894129147195942E-18 -1.387778755893407198E-17  0.000000000000000000E+00  9.942568941457466947E-01  1.958018238330701821E-01  7.984550703126750415E-01
  1.005990541935700144E-02  1.000000000000000222E+00  4.857226417066784188E-17  2.428613618292804617E-17  0.000000000000000000E+00  9.942568941457455844E-01  1.957996301708757603E-01  7.984572639748686029E-01
  1.023189790766400667E-02  1.000000000000000000E+00  1.040834085586084257E-17  1.734723475976807094E-17  0.000000000000000000E+00  9.942568941457413656E-01  1.958413239948617601E-01  7.984155701508778291E-01
  1.040462330081840144E-02  1.000000000000000888E+00  5.898059818321144121E-17  6.245004513516505540E-17  0.000000000000000000E+00  9.942568941457410325E-01  1.960080369689173874E-01  7.982488571768220353E-01
  1.057787899902504214E-02  9.999999999999997780E-01 -1.734723475288900972E-17 -7.632783293610044785E-17  0.000000000000000000E+00  9.942568941457403664E-01  1.960585258400185937E-01  7.981983683057212176E-01
  1.075164045031878381E-02  1.000000000000000666E+00  3.469446961150460922E-17  1.040834094782930836E-17  0.000000000000000000E+00  9.942568941457418097E-01  1.960128636008406644E-01  7.982440305449011175E-01
  1.092589548385495928E-02  1.000000000000000666E+00  3.469449252152784113E-18 -3.469444651754444650E-18  0.000000000000000000E+00  9.942568941457413656E-01  1.960756085553974903E-01  7.981812855903430703E-01
  1.110066016903073390E-02  1.000000000000000888E+00 -1.734717712472035442E-17 -1.734717712472035442E-17  0.000000000000000000E+00  9.942568941457426979E-01  1.961458617563392182E-01  7.981110323894019531E-01
  1.127596684812791350E-02  1.000000000000000222E+00 -3.122412978813444428E-17 -5.897970540376335779E-17  0.000000000000000000E+00  9.942568941457414766E-01  1.961361343530129697E-01  7.981207597927286734E-01
  1.145155693500600654E-02  9.999999999999998890E-01  1.736239397017855792E-17  2.430128787408578630E-17  0.000000000000000000E+00  9.942568941457429199E-01  1.961580420024220672E-01  7.980988521433193261E-01
  1.162742473852431541E-02  1.000000000000000222E+00  1.079452189343852024E-17  1.426396884539213597E-17  0.000000000000000000E+00  9.942568941457426979E-01  1.961804072413593780E-01  7.980764869043825982E-01
  1.180343658002296590E-02  1.000000000000000000E+00  2.088559140944866228E-17  1.741614445749504809E-17  0.000000000000000000E+00  9.942568941457429199E-01  1.961286374670786203E-01  7.981282566786634947E-01
  1.197960496167503955E-02  9.999999999999997780E-01 -6.505411810022655301E-19 -6.505411810022532042E-19  0.000000000000000000E+00  9.942568941457428089E-01  1.961365469245075488E-01  7.981203472212345940E-01
  1.215593583339463941E-02  1.000000000000000444E+00  4.710627754515417140E-17  2.282014888147887208E-17  0.000000000000000000E+00  9.942568941457430309E-01  1.962282151629581861E-01  7.980286789827859550E-01
  1.233240301777654285E-02  1.000000000000000222E+00 -1.670265358173298176E-17 -2.364154748797523842E-17  0.000000000000000000E+00  9.942568941457430309E-01  1.961704299528688189E-01  7.980864641928749892E-01
  1.250895969091960283E-02  1.000000000000000444E+00  1.544252341537925523E-17 -5.394641562934758351E-17  0.000000000000000000E+00  9.942568941457423648E-01  1.961051266360852308E-01  7.981517675096586606E-01
  1.268557970771831862E-02  9.999999999999996669E-01  3.821707190302259988E-17  1.492393743364576855E-16  0.000000000000000000E+00  9.942568941457434750E-01  1.961467386981285421E-01  7.981101554476147664E-01
  1.286226228799633095E-02  1.000000000000000444E+00  9.127952418861106430E-18 -1.280388798891254129E-18  0.000000000000000000E+00  9.942568941457429199E-01  1.962126009892970480E-01  7.980442931564462050E-01
  1.303902329175846316E-02  1.000000000000000222E+00  8.685114983603369418E-18  3.297124188951986707E-17  0.000000000000000000E+00  9.942568941457434750E-01  1.961533470131572865E-01  7.981035471325864661E-01
  1.321588707976683458E-02  1.000000000000000222E+00  1.145190529921284186E-17  2.532968359445025425E-17  0.000000000000000000E+00  9.942568941457438081E-01  1.961260684007896382E-01  7.981308257449538646E-01
  1.339288339578697737E-02  1.000000000000000222E+00 -4.626546732026069335E-17 -7.402108594928145962E-17  0.000000000000000000E+00  9.942568941457441412E-01  1.961529885528707218E-01  7.981039055928741410E-01
  1.357004988462992036E-02  1.000000000000000666E+00 -2.599413089714419341E-17 -3.640261733679284531E-17  0.000000000000000000E+00  9.942568941457444742E-01  1.961311136832934454E-01  7.981257804624511953E-01
  1.374743216760315571E-02  1.000000000000000444E+00  2.582127000145531190E-17  1.541229387088402861E-17  0.000000000000000000E+00  9.942568941457445852E-01  1.961290467128095349E-01  7.981278474329341899E-01
  1.392507455241368333E-02  1.000000000000000000E+00 -1.253164069639055994E-17  8.114194469869932813E-17  0.000000000000000000E+00  9.942568941457439191E-01  1.961719747428612992E-01  7.980849194028833971E-01
  1.410293908417964079E-02  1.000000000000000444E+00  5.588257517862883772E-17  4.893902259351171069E-17  0.000000000000000000E+00  9.942568941457442522E-01  1.961733494265084365E-01  7.980835447192372589E-01
  1.428101078291427704E-02  1.000000000000000222E+00  3.462501281786128926E-17  2.419803723716085209E-17  0.000000000000000000E+00  9.942568941457438081E-01  1.961032106685607901E-01  7.981536834771847388E-01
  1.445934251158656828E-02  9.999999999999995559E-01 -3.232277726722410094E-17 -3.581932927348985274E-17  0.000000000000000000E+00  9.942568941457449183E-01  1.961257020872295698E-01  7.981311920585155706E-01
  1.463800293968600327E-02  9.999999999999996669E-01 -1.540922337645023177E-17  2.962582436316640866E-17  0.000000000000000000E+00  9.942568941457444742E-01  1.962112492844591272E-01  7.980456448612859299E-01
  1.481707535083973994E-02  1.000000000000000222E+00 -5.261091041985910266E-17  5.472510465620583631E-17  0.000000000000000000E+00  9.942568941457454734E-01  1.962241337017453791E-01  7.980327604439998446E-01
  1.499665203074091770E-02  1.000000000000000000E+00 -4.634964287375531455E-17 -8.120674271916428211E-17  0.000000000000000000E+00  9.942568941457448073E-01  1.961654106488532057E-01  7.980914834968921845E-01
  1.517682160427432508E-02  9.999999999999994449E-01  8.348356728138384142E-18 -9.378348791999613354E-18  0.000000000000000000E+00  9.942568941457458065E-01  1.961764559307974942E-01  7.980804382149484510E-01
  1.535765627074720495E-02  9.999999999999996669E-01  1.062518129035794345E-17  6.570265165262156870E-17  0.000000000000000000E+00  9.942568941457454734E-01  1.962537230880404548E-01  7.980031710577047965E-01
  1.553920262981172903E-02  1.000000000000000222E+00  2.081668171172168513E-17  5.117434254131580929E-17  0.000000000000000000E+00  9.942568941457461396E-01  1.962646342357616536E-01  7.979922599099829039E-01
  1.572148329277588477E-02  9.999999999999997780E-01 -2.602085213965210642E-18 -2.320192649118979489E-17  0.000000000000000000E+00  9.942568941457468057E-01  1.962843149171501766E-01  7.979725792285959907E-01
  1.590450958783209967E-02  1.000000000000000222E+00 -1.387778780781445676E-17 -6.223320470066795451E-17  0.000000000000000000E+00  9.942568941457452514E-01  1.963189986778917651E-01  7.979378954678544300E-01
  1.608827466100357789E-02  9.999999999999998890E-01 -1.908195823574487804E-17 -9.540979117872439019E-18  0.000000000000000000E+00  9.942568941457453624E-01  1.963556511716832154E-01  7.979012429740623968E-01
  1.627268769976085785E-02  1.000000000000000000E+00 -4.770489558936219510E-17 -3.469446951953614189E-18  0.000000000000000000E+00  9.942568941457456955E-01  1.963469396952627899E-01  7.979099544504837382E-01
  1.645774482583221149E-02  9.999999999999998890E-01 -1.951563910473907981E-17 -2.038300084272748336E-17  0.000000000000000000E+00  9.942568941457466947E-01  1.963954495278813772E-01  7.978614446178644570E-01
  1.664340310624547875E-02  9.999999999999995559E-01  7.806255641895631925E-18  2.688821387764050996E-17  0.000000000000000000E+00  9.942568941457461396E-01  1.965092506932162586E-01  7.977476434525304638E-01
  1.682958048042225083E-02  9.999999999999991118E-01  9.107298248878237246E-18  6.071532165918824830E-17  0.000000000000000000E+00  9.942568941457459175E-01  1.965322882318162878E-01  7.977246059139301293E-01
  1.701618719801370472E-02  1.000000000000000000E+00  4.683753385137379155E-17  7.372574772901430151E-18  0.000000000000000000E+00  9.942568941457466947E-01  1.965105868928775923E-01  7.977463072528689914E-01
  1.720311486539810933E-02  9.999999999999996669E-01  1.647987302177966740E-17  6.678685382510707313E-17  0.000000000000000000E+00  9.942568941457462506E-01  1.965546772788943353E-01  7.977022168668533864E-01
  1.739041017991251742E-02  9.999999999999995559E-01  6.938893903907228378E-18 -5.030698080332740574E-17  0.000000000000000000E+00  9.942568941457474718E-01  1.966586071741930619E-01  7.975982869715533274E-01
  1.757810445275980599E-02  1.000000000000000444E+00 -2.255140518769849223E-17 -2.515349040166370287E-17  0.000000000000000000E+00  9.942568941457470277E-01  1.967153496198401075E-01  7.975415445259059766E-01
  1.776621449666423297E-02  1.000000000000000000E+00  1.040834085586084257E-17  3.209238430557093125E-17  0.000000000000000000E+00  9.942568941457473608E-01  1.967290521983840190E-01  7.975278419473623703E-01
  1.795474344507264064E-02  1.000000000000000000E+00 -3.903127820947815962E-17 -2.341876692568689577E-17  0.000000000000000000E+00  9.942568941457465836E-01  1.967776663529321735E-01  7.974792277928149931E-01
  1.814368518850677237E-02  9.999999999999998890E-01 -5.290906601729261638E-17 -5.464378949326942347E-17  0.000000000000000000E+00  9.942568941457461396E-01  1.968466334625044445E-01  7.974102606832432771E-01
  1.833303000962834689E-02  9.999999999999993339E-01 -5.204170427930421283E-17 -3.816391647148975608E-17  0.000000000000000000E+00  9.942568941457451404E-01  1.968796051569316752E-01  7.973772889888152138E-01
  1.852276806459840497E-02  9.999999999999995559E-01  4.943961906533900219E-17  5.984795992119984476E-17  0.000000000000000000E+00  9.942568941457450293E-01  1.969322781427478852E-01  7.973246160029998642E-01
  1.871288983394617592E-02  9.999999999999998890E-01 -1.561251128379126385E-17  1.561251128379126385E-17  0.000000000000000000E+00  9.942568941457460285E-01  1.970212937171131884E-01  7.972356004286340614E-01
  1.890331591234097747E-02  9.999999999999997780E-01 -2.688821387764050996E-17 -1.474514954580286030E-17  0.000000000000000000E+00  9.942568941457473608E-01  1.971054675307016835E-01  7.971514266150465655E-01
  1.909399173243888498E-02  1.000000000000000222E+00 -8.586881206085195117E-17 -5.204170427930421283E-17  0.000000000000000000E+00  9.942568941457468057E-01  1.971109958579387034E-01  7.971458982878085742E-01
  1.928490135947251091E-02  1.000000000000000444E+00  1.387778780781445676E-17  6.938893903907228378E-18  0.000000000000000000E+00  9.942568941457469167E-01  1.971406048986452386E-01  7.971162892471024275E-01
  1.947602836434756193E-02  1.000000000000000222E+00  1.734723475976807094E-17 -3.469446951953614189E-18  0.000000000000000000E+00  9.942568941457468057E-01  1.972417676175066414E-01  7.970151265282412467E-01
  1.966735953047605776E-02  1.000000000000000000E+00  2.081668171172168513E-17  6.938893903907228378E-18  0.000000000000000000E+00  9.942568941457472498E-01  1.973480534259900443E-01  7.969088407197564283E-01
  1.985888654859884958E-02  9.999999999999993339E-01  2.775557561562891351E-17  3.816391647148975608E-17  0.000000000000000000E+00  9.942568941457471388E-01  1.973851877051871762E-01  7.968717064405594908E-01
  2.005060563541030336E-02  9.999999999999997780E-01  6.938893903907228378E-17 -3.642919299551294898E-17  0.000000000000000000E+00  9.942568941457455844E-01  1.974079777319805162E-01  7.968489164137645409E-01
  2.024251776359660415E-02  1.000000000000000444E+00  7.806255641895631925E-18  6.418476861114186249E-17  0.000000000000000000E+00  9.942568941457452514E-01  1.974648691331422901E-01  7.967920250126034887E-01
  2.043462392435626412E-02  9.999999999999997780E-01  9.801187639268960083E-17  7.285838599102589797E-17  0.000000000000000000E+00  9.942568941457445852E-01  1.975526654916034408E-01  7.967042286541423657E-01
  2.062692374485219221E-02  1.000000000000000222E+00  1.994931997373328159E-17 -3.816391647148975608E-17  0.000000000000000000E+00  9.942568941457454734E-01  1.975997889031848032E-01  7.966571052425611699E-01
  2.081936014304374902E-02  1.000000000000000666E+00 -1.734723475976807094E-17 -1.387778780781445676E-17  0.000000000000000000E+00  9.942568941457439191E-01  1.976599550008084349E-01  7.965969391449383430E-01
  2.101192013787307744E-02  1.000000000000000000E+00 -9.801187639268960083E-17  1.214306433183764966E-17  0.000000000000000000E+00  9.942568941457448073E-01  1.977382668227837259E-01  7.965186273229624137E-01
  2.120460565812697790E-02  9.999999999999998890E-01 -4.076600168545496672E-17  1.040834085586084257E-17  0.000000000000000000E+00  9.942568941457438081E-01  1.978029080359457181E-01  7.964539861098006712E-01
  2.139742081128912302E-02  1.000000000000000000E+00  2.515349040166370287E-17  2.602085213965210642E-17  0.000000000000000000E+00  9.942568941457449183E-01  1.978293732752482714E-01  7.964275208704989506E-01
  2.159037480354078151E-02  1.000000000000000444E+00  5.204170427930421283E-17 -1.561251128379126385E-17  0.000000000000000000E+00  9.942568941457332610E-01  1.978653472615440334E-01  7.963915468841911149E-01
  2.178348165661796870E-02  1.000000000000000444E+00  7.806255641895631925E-17 -3.642919299551294898E-17  0.000000000000000000E+00  9.942568941457333720E-01  1.979456988358562486E-01  7.963111953098783724E-01
  2.197676101689177361E-02  9.999999999999993339E-01  7.112366251504909087E-17 -8.673617379884035472E-18  0.000000000000000000E+00  9.942568941457332610E-01  1.980545285453007009E-01  7.962023656004343364E-01
  2.217023275326885853E-02  9.999999999999998890E-01 -4.423544863740858091E-17  2.602085213965210642E-17  0.000000000000000000E+00  9.942568941457337051E-01  1.980962860636221734E-01  7.961606080821124198E-01
  2.236391609020541016E-02  1.000000000000000666E+00  3.469446951953614189E-17 -3.122502256758252770E-17  0.000000000000000000E+00  9.942568941457339271E-01  1.981101150312753190E-01  7.961467791144601902E-01
  2.255783057992149718E-02  1.000000000000000000E+00 -5.204170427930421283E-17  3.642919299551294898E-17  0.000000000000000000E+00  9.942568941457334830E-01  1.981552253538551300E-01  7.961016687918807122E-01
  2.275199773092550712E-02  1.000000000000000000E+00 -2.775557561562891351E-17 -1.387778780781445676E-17  0.000000000000000000E+00  9.942568941457337051E-01  1.982331294980533010E-01  7.960237646476820972E-01
  2.294644254900922789E-02  1.000000000000000000E+00  3.382710778154773834E-17  1.040834085586084257E-17  0.000000000000000000E+00  9.942568941457335940E-01  1.983029145835210061E-01  7.959539795622154745E-01
  2.314119394095937032E-02  1.000000000000000444E+00  6.852157730108388023E-17 -8.673617379884035472E-18  0.000000000000000000E+00  9.942568941457340381E-01  1.983450441927799290E-01  7.959118499529556079E-01
  2.333628172299924419E-02  1.000000000000000666E+00  4.597017211338538800E-17 -5.204170427930421283E-17  0.000000000000000000E+00  9.942568941457350373E-01  1.983923395554585134E-01  7.958645545902766072E-01
  2.353173345204901540E-02  1.000000000000000444E+00  3.035766082959412415E-17 -4.163336342344337027E-17  0.000000000000000000E+00  9.942568941457337051E-01  1.984512569564029216E-01  7.958056371893328373E-01
  2.372757321325216426E-02  1.000000000000000000E+00 -4.250072516143177381E-17  3.469446951953614189E-17  0.000000000000000000E+00  9.942568941457345932E-01  1.984948268703593532E-01  7.957620672753764612E-01
  2.392382021692978158E-02  9.999999999999988898E-01 -1.214306433183764966E-17 -1.734723475976807094E-17  0.000000000000000000E+00  9.942568941457363696E-01  1.985186414227623763E-01  7.957382527229729385E-01
  2.412043574709306359E-02  9.999999999999991118E-01  3.209238430557093125E-17 -5.204170427930421283E-18  0.000000000000000000E+00  9.942568941457355924E-01  1.985642782256785976E-01  7.956926159200581328E-01
  2.431738958926840319E-02  9.999999999999998890E-01 -8.933825901280556536E-17 -3.469446951953614189E-18  0.000000000000000000E+00  9.942568941457226028E-01  1.986414470637852814E-01  7.956154470819389868E-01
  2.451469479398978718E-02  1.000000000000000666E+00  4.683753385137379155E-17  7.285838599102589797E-17  0.000000000000000000E+00  9.942568941457226028E-01  1.987117326845392606E-01  7.955451614611845912E-01
  2.471236122947959024E-02  1.000000000000000000E+00  1.110223024625156540E-16  4.857225732735059864E-17  0.000000000000000000E+00  9.942568941457226028E-01  1.987269804614389401E-01  7.955299136842846064E-01
  2.491039521214415825E-02  9.999999999999993339E-01  2.775557561562891351E-17 -2.255140518769849223E-17  0.000000000000000000E+00  9.942568941457230469E-01  1.987361501875316294E-01  7.955207439581926110E-01
  2.510880062404916707E-02  1.000000000000000444E+00  5.464378949326942347E-17 -6.938893903907228378E-18  0.000000000000000000E+00  9.942568941457212706E-01  1.987784677164376734E-01  7.954784264292864560E-01
  2.530757767071905792E-02  1.000000000000000888E+00 -9.540979117872439019E-18  3.469446951953614189E-18  0.000000000000000000E+00  9.942568941457227139E-01  1.988510213241153068E-01  7.954058728216080176E-01
  2.550672294641508075E-02  9.999999999999990008E-01  1.092875789865388469E-16  4.510281037539698445E-17  0.000000000000000000E+00  9.942568941457247123E-01  1.989026061957299696E-01  7.953542879499945206E-01
  2.570622980353717835E-02  1.000000000000000000E+00 -5.377642775528101993E-17 -4.683753385137379155E-17  0.000000000000000000E+00  9.942568941457236020E-01  1.989300619388821301E-01  7.953268322068437479E-01
  2.590609080335009098E-02  1.000000000000000222E+00  3.729655473350135253E-17  2.602085213965210642E-17  0.000000000000000000E+00  9.942568941457246012E-01  1.989504815221393441E-01  7.953064126235852571E-01
  2.610629742802616018E-02  1.000000000000000222E+00  1.301042606982605321E-17  4.683753385137379155E-17  0.000000000000000000E+00  9.942568941457227139E-01  1.989870095441373943E-01  7.952698846015877621E-01
  2.630684042704712830E-02  1.000000000000000000E+00 -9.107298248878237246E-17  2.602085213965210642E-17  0.000000000000000000E+00  9.942568941457232690E-01  1.990327118504695292E-01  7.952241822952551553E-01
  2.650771009112089585E-02  9.999999999999997780E-01  1.144917494144692682E-16  2.949029909160572061E-17  0.000000000000000000E+00  9.942568941457237131E-01  1.990508454926284143E-01  7.952060486530967420E-01
  2.670889632873617650E-02  1.000000000000000666E+00  3.469446951953614189E-17  6.071532165918824830E-17  0.000000000000000000E+00  9.942568941457246012E-01  1.990849812709169497E-01  7.951719128748085952E-01
  2.691038850793421935E-02  1.000000000000001776E+00  5.724587470723463412E-17  4.510281037539698445E-17  0.000000000000000000E+00  9.942568941457249343E-01  1.991400297245461137E-01  7.951168644211795700E-01
  2.711217524420831207E-02  1.000000000000000000E+00  1.734723475976807094E-17 -2.081668171172168513E-17  0.000000000000000000E+00  9.942568941457249343E-01  1.991859767793077163E-01  7.950709173664186613E-01
  2.731424437444409867E-02  1.000000000000000888E+00 -1.656660919557850775E-16 -4.510281037539698445E-17  0.000000000000000000E+00  9.942568941457253784E-01  1.991969200461380929E-01  7.950599740995867304E-01
  2.751658332773263341E-02  1.000000000000000666E+00  8.326672684688674053E-17  1.387778780781445676E-17  0.000000000000000000E+00  9.942568941457254894E-01  1.991961391423071881E-01  7.950607550034185511E-01
  2.771917989714640235E-02  9.999999999999996669E-01  1.110223024625156540E-16 -2.775557561562891351E-17  0.000000000000000000E+00  9.942568941457242682E-01  1.992223078738190323E-01  7.950345862719065959E-01
  2.792202353019173494E-02  9.999999999999993339E-01 -2.428612866367529932E-17 -6.938893903907228378E-18  0.000000000000000000E+00  9.942568941457304854E-01  1.992792675086595411E-01  7.949776266370657263E-01
  2.812510565181348607E-02  9.999999999999997780E-01 -1.214306433183764966E-17 -5.204170427930421283E-17  0.000000000000000000E+00  9.942568941457308185E-01  1.993319345511137541E-01  7.949249595946128455E-01
  2.832841993997025493E-02  1.000000000000000000E+00 -7.632783294297951215E-17 -1.734723475976807094E-17  0.000000000000000000E+00  9.942568941457328169E-01  1.993381983004071378E-01  7.949186958453186014E-01
  2.853195192512464687E-02  1.000000000000000222E+00 -1.266348137463069179E-16 -1.734723475976807094E-17  0.000000000000000000E+00  9.942568941457317067E-01  1.993375612058579105E-01  7.949193329398697161E-01
  2.873564627832345120E-02  1.000000000000000222E+00 -1.040834085586084257E-17  5.551115123125782702E-17  0.000000000000000000E+00  9.942568941457315956E-01  1.993533084022076352E-01  7.949035857435198249E-01
  2.893950226441897519E-02  1.000000000000000888E+00  1.908195823574487804E-17  8.673617379884035472E-17  0.000000000000000000E+00  9.942568941457329279E-01  1.993893935636435744E-01  7.948675005820816653E-01
  2.914351963185643490E-02  9.999999999999997780E-01  9.887923813067800438E-17 -5.551115123125782702E-17  0.000000000000000000E+00  9.942568941457338161E-01  1.994175458868012729E-01  7.948393482589254377E-01
  2.934769829678787398E-02  1.000000000000000222E+00  3.122502256758252770E-17 -3.816391647148975608E-17  0.000000000000000000E+00  9.942568941457344822E-01  1.994320560948520116E-01  7.948248380508757815E-01
  2.955203787345189737E-02  1.000000000000000666E+00 -9.540979117872439019E-17  0.000000000000000000E+00  0.000000000000000000E+00  9.942568941457342602E-01  1.994565961373150065E-01  7.948002980084127866E-01
  2.975654046936903815E-02  9.999999999999994449E-01  7.285838599102589797E-17  3.816391647148975608E-17  0.000000000000000000E+00  9.942568941457354814E-01  1.994850017668164388E-01  7.947718923789113266E-01
  2.996120981290542259E-02  9.999999999999988898E-01  2.255140518769849223E-17 -3.122502256758252770E-17  0.000000000000000000E+00  9.942568941457339271E-01  1.995017738265018603E-01  7.947551203192246838E-01
  3.016605124214722516E-02  9.999999999999995559E-01  5.724587470723463412E-17 -6.938893903907228378E-18  0.000000000000000000E+00  9.942568941457338161E-01  1.994943366731307122E-01  7.947625574725973863E-01
  3.037107151727165208E-02  9.999999999999995559E-01  3.642919299551294898E-17  1.387778780781445676E-17  0.000000000000000000E+00  9.942568941457339271E-01  1.994994212982481030E-01  7.947574728474793293E-01
  3.057627799476562644E-02  1.000000000000001110E+00 -4.683753385137379155E-17 -6.938893903907228378E-18  0.000000000000000000E+00  9.942568941457342602E-01  1.995285746871929555E-01  7.947283194585338384E-01
  3.078167805027367046E-02  1.000000000000000222E+00 -4.510281037539698445E-17 -4.163336342344337027E-17  0.000000000000000000E+00  9.942568941457338161E-01  1.995739523746442590E-01  7.946829417710835619E-01
  3.098727847284932224E-02  1.000000000000000444E+00  2.602085213965210642E-17  3.469446951953614189E-18  0.000000000000000000E+00  9.942568941457348153E-01  1.995967200419838938E-01  7.946601741037442324E-01
  3.119308505846270230E-02  1.000000000000000000E+00  5.204170427930421283E-17  2.775557561562891351E-17  0.000000000000000000E+00  9.942568941457353704E-01  1.995820612163489161E-01  7.946748329293804591E-01
  3.139910335046010303E-02  9.999999999999992228E-01 -1.283695372222837250E-16  4.510281037539698445E-17  0.000000000000000000E+00  9.942568941457350373E-01  1.995758543573007970E-01  7.946810397884283006E-01
  3.160533911093668658E-02  1.000000000000000666E+00  3.469446951953614189E-18 -6.938893903907228378E-18  0.000000000000000000E+00  9.942568941457343712E-01  1.995952442600490706E-01  7.946616498856795552E-01
  3.181179787206617898E-02  9.999999999999995559E-01  1.040834085586084257E-17 -2.081668171172168513E-17  0.000000000000000000E+00  9.942568941457368137E-01  1.996306531254690431E-01  7.946262410202592497E-01
  3.201848550622368034E-02  9.999999999999990008E-01 -5.377642775528101993E-17  2.775557561562891351E-17  0.000000000000000000E+00  9.942568941457358145E-01  1.996490147909578960E-01  7.946078793547715069E-01
  3.222540767144013718E-02  1.000000000000000222E+00 -3.122502256758252770E-17  3.469446951953614189E-17  0.000000000000000000E+00  9.942568941457380349E-01  1.996592624031833518E-01  7.945976317425462732E-01
  3.243257009681255187E-02  9.999999999999998890E-01 -2.775557561562891351E-17  1.040834085586084257E-17  0.000000000000000000E+00  9.942568941457358145E-01  1.996648406675328724E-01  7.945920534781976130E-01
  3.263997843653561326E-02  9.999999999999997780E-01  8.673617379884035472E-18 -8.673617379884035472E-17  0.000000000000000000E+00  9.942568941457355924E-01  1.996783514899989342E-01  7.945785426557312459E-01
  3.284763835327214609E-02  9.999999999999998890E-01  4.683753385137379155E-17 -2.081668171172168513E-17  0.000000000000000000E+00  9.942568941457369247E-01  1.996946929565616702E-01  7.945622011891685377E-01
  3.305555553327724216E-02  9.999999999999994449E-01  3.295974604355933479E-17 -1.387778780781445676E-17  0.000000000000000000E+00  9.942568941457369247E-01  1.996918721071172242E-01  7.945650220386134555E-01
  3.326373274850403378E-02  9.999999999999998890E-01 -1.734723475976807094E-17  6.245004513516505540E-17  0.000000000000000000E+00  9.942568941457354814E-01  1.996988588732923064E-01  7.945580352724428419E-01
  3.347211569926862584E-02  1.000000000000000444E+00 -9.540979117872439019E-17  1.387778780781445676E-17  0.000000000000000000E+00  9.942568941457367027E-01  1.997265198196623848E-01  7.945303743260727636E-01
  3.368071069573564530E-02  1.000000000000000000E+00 -4.857225732735059864E-17 -5.204170427930421283E-17  0.000000000000000000E+00  9.942568941457359255E-01  1.997608901967009576E-01  7.944960039490338577E-01
  3.388952415423798076E-02  1.000000000000000222E+00  3.816391647148975608E-17  3.469446951953614189E-17  0.000000000000000000E+00  9.942568941457359255E-01  1.997725525468966312E-01  7.944843415988394053E-01
  3.409856266588141144E-02  1.000000000000000888E+00  1.144917494144692682E-16 -2.428612866367529932E-17  0.000000000000000000E+00  9.942568941457357035E-01  1.997624618848794220E-01  7.944944322608556986E-01
  3.430783316973867042E-02  1.000000000000000000E+00 -3.469446951953614189E-18 -6.938893903907228378E-18  0.000000000000000000E+00  9.942568941457375908E-01  1.997528143432321102E-01  7.945040798025047035E-01
  3.451734247224704649E-02  9.999999999999998890E-01  9.020562075079396891E-17  6.938893903907228378E-18  0.000000000000000000E+00  9.942568941457362586E-01  1.997694821721835712E-01  7.944874119735519935E-01
  3.472709737444660411E-02  9.999999999999995559E-01 -1.040834085586084257E-16  2.775557561562891351E-17  0.000000000000000000E+00  9.942568941457380349E-01  1.998067121810601920E-01  7.944501819646759833E-01
  3.493710421241724706E-02  1.000000000000000666E+00 -8.153200337090993344E-17  2.428612866367529932E-17  0.000000000000000000E+00  9.942568941457384790E-01  1.998339820102863207E-01  7.944229121354401402E-01
  3.514736828720288475E-02  1.000000000000000000E+00 -9.887923813067800438E-17 -1.040834085586084257E-17  0.000000000000000000E+00  9.942568941457389231E-01  1.998363116501780112E-01  7.944205824955494766E-01
  3.535789346587341758E-02  1.000000000000000222E+00 -1.578598363138894456E-16  9.367506770274758310E-17  0.000000000000000000E+00  9.942568941457391452E-01  1.998358291604293846E-01  7.944210649852977424E-01
  3.556868195079102707E-02  9.999999999999995559E-01  3.469446951953614189E-17  2.775557561562891351E-17  0.000000000000000000E+00  9.942568941457388121E-01  1.998421015896857944E-01  7.944147925560405277E-01
  3.577973447455484735E-02  9.999999999999993339E-01 -6.591949208711866959E-17 -1.040834085586084257E-17  0.000000000000000000E+00  9.942568941457400333E-01  1.998616149336397141E-01  7.943952792120864137E-01
  3.599105085269409948E-02  9.999999999999994449E-01  5.724587470723463412E-17 -3.122502256758252770E-17  0.000000000000000000E+00  9.942568941457384790E-01  1.998758574868403637E-01  7.943810366588880401E-01
  3.620263034937435537E-02  9.999999999999995559E-01  9.020562075079396891E-17 -7.632783294297951215E-17  0.000000000000000000E+00  9.942568941457385900E-01  1.998847991525068701E-01  7.943720949932209230E-01
  3.641447222891034535E-02  9.999999999999996669E-01 -1.908195823574487804E-17 -1.040834085586084257E-17  0.000000000000000000E+00  9.942568941457388121E-01  1.999039441172398568E-01  7.943529500284880474E-01
  3.662657566551621308E-02  9.999999999999984457E-01  7.806255641895631925E-17 -6.591949208711866959E-17  0.000000000000000000E+00  9.942568941457379239E-01  1.999341325761958554E-01  7.943227615695320765E-01
  3.683893974784593905E-02  9.999999999999994449E-01 -2.775557561562891351E-17 -1.040834085586084257E-17  0.000000000000000000E+00  9.942568941457394782E-01  1.999550558721698568E-01  7.943018382735567151E-01
  3.705156341370197115E-02  9.999999999999991118E-01 -5.030698080332740574E-17 -2.775557561562891351E-17  0.000000000000000000E+00  9.942568941457398113E-01  1.999525172607244383E-01  7.943043768850035491E-01
  3.726444409562040816E-02  1.000000000000000000E+00  1.804112415015879378E-16 -4.510281037539698445E-17  0.000000000000000000E+00  9.942568941457410325E-01  1.999480857184303129E-01  7.943088084272972305E-01
  3.747757811749028584E-02  9.999999999999998890E-01  4.163336342344337027E-17 -6.938893903907228378E-18  0.000000000000000000E+00  9.942568941457404774E-01  1.999601170660358362E-01  7.942967770796917071E-01
  3.769096093032202333E-02  1.000000000000000222E+00  9.540979117872439019E-17 -6.938893903907228378E-17  0.000000000000000000E+00  9.942568941457393672E-01  1.999943043682632093E-01  7.942625897774645560E-01
  3.790458747598438732E-02  1.000000000000000444E+00  8.673617379884035472E-18  1.040834085586084257E-17  0.000000000000000000E+00  9.942568941457388121E-01  2.000344943467165237E-01  7.942223997990117690E-01
  3.811845277220665684E-02  9.999999999999995559E-01  1.214306433183764966E-16 -1.040834085586084257E-16  0.000000000000000000E+00  9.942568941457384790E-01  2.000528659059601644E-01  7.942040282397714313E-01
  3.833255243382385075E-02  1.000000000000000666E+00  1.318389841742373392E-16 -5.898059818321144121E-17  0.000000000000000000E+00  9.942568941457409215E-01  2.000493717441436392E-01  7.942075224015896495E-01
  3.854683966925515765E-02  9.999999999999992228E-01 -4.163336342344337027E-17 -4.510281037539698445E-17  0.000000000000000000E+00  9.942568941457400333E-01  2.000527349122715459E-01  7.942041592334622147E-01
  3.876131172989335377E-02  1.000000000000000444E+00  3.816391647148975608E-17  3.469446951953614189E-18  0.000000000000000000E+00  9.942568941457383680E-01  2.000729365727959286E-01  7.941839575729383593E-01
  3.897596836288833022E-02  1.000000000000000444E+00  4.336808689942017736E-17 -5.898059818321144121E-17  0.000000000000000000E+00  9.942568941457391452E-01  2.001010296659637699E-01  7.941558644797709343E-01
  3.919080986414556073E-02  9.999999999999995559E-01 -1.092875789865388469E-16  2.428612866367529932E-17  0.000000000000000000E+00  9.942568941457394782E-01  2.001177275406828548E-01  7.941391666050506837E-01
  3.940583591678729902E-02  1.000000000000000666E+00  9.887923813067800438E-17  4.510281037539698445E-17  0.000000000000000000E+00  9.942568941457383680E-01  2.001365178055016236E-01  7.941203763402342464E-01
  3.962104553705765586E-02  9.999999999999991118E-01 -1.734723475976807094E-16  8.326672684688674053E-17  0.000000000000000000E+00  9.942568941457390341E-01  2.001571686765923341E-01  7.940997254691435359E-01
  3.983643695346876512E-02  1.000000000000001110E+00 -1.162264728904460753E-16  1.040834085586084257E-16  0.000000000000000000E+00  9.942568941457383680E-01  2.001781969945553019E-01  7.940786971511800685E-01
  4.005200785426078769E-02  9.999999999999996669E-01 -6.071532165918824830E-17  4.163336342344337027E-17  0.000000000000000000E+00  9.942568941457403664E-01  2.001981717413817974E-01  7.940587224043543779E-01
  4.026775524598893291E-02  1.000000000000001110E+00 -6.938893903907228378E-18 -2.775557561562891351E-17  0.000000000000000000E+00  9.942568941457401444E-01  2.002020091842932892E-01  7.940548849614433857E-01
  4.048367677440468937E-02  1.000000000000000444E+00 -1.214306433183764966E-17  5.551115123125782702E-17  0.000000000000000000E+00  9.942568941457400333E-01  2.002045902012263012E-01  7.940523039445104292E-01
  4.069977170668995226E-02  9.999999999999997780E-01 -1.370431546021677605E-16 -1.144917494144692682E-16  0.000000000000000000E+00  9.942568941457405884E-01  2.002281089496797950E-01  7.940287851960599053E-01
  4.091604010308508982E-02  9.999999999999994449E-01  0.000000000000000000E+00 -4.163336342344337027E-17  0.000000000000000000E+00  9.942568941457398113E-01  2.002668765037662890E-01  7.939900176419724120E-01
  4.113248178885742234E-02  1.000000000000000000E+00 -6.938893903907228378E-18 -1.387778780781445676E-17  0.000000000000000000E+00  9.942568941457400333E-01  2.003076495346481356E-01  7.939492446110930635E-01
  4.134909632450032430E-02  1.000000000000000666E+00  1.144917494144692682E-16 -7.632783294297951215E-17  0.000000000000000000E+00  9.942568941457402554E-01  2.003190516430198853E-01  7.939378425027203701E-01
  4.156588440935305578E-02  9.999999999999997780E-01 -1.526556658859590243E-16  5.898059818321144121E-17  0.000000000000000000E+00  9.942568941457402554E-01  2.003206950427724453E-01  7.939361991029690868E-01
  4.178284788074763251E-02  1.000000000000000444E+00  3.469446951953614189E-18 -3.469446951953614189E-17  0.000000000000000000E+00  9.942568941457393672E-01  2.003266879703331782E-01  7.939302061754072160E-01
  4.199998797728706629E-02  1.000000000000000666E+00  7.979727989493312634E-17  2.081668171172168513E-17  0.000000000000000000E+00  9.942568941457390341E-01  2.003512953245981110E-01  7.939055988211434212E-01
  4.221730587592833345E-02  9.999999999999988898E-01 -1.075528555105620399E-16  6.938893903907228378E-18  0.000000000000000000E+00  9.942568941457413656E-01  2.003859662829083621E-01  7.938709278628326427E-01
  4.243480229835960849E-02  1.000000000000000444E+00 -3.122502256758252770E-17 -3.122502256758252770E-17  0.000000000000000000E+00  9.942568941457402554E-01  2.004118467386469538E-01  7.938450474070944951E-01
  4.265247833743263800E-02  1.000000000000000000E+00  5.204170427930421283E-17  1.734723475976807094E-17  0.000000000000000000E+00  9.942568941457388121E-01  2.004300664789660791E-01  7.938268276667775902E-01
  4.287033533154194914E-02  9.999999999999992228E-01 -1.179611963664228824E-16  2.081668171172168513E-17  0.000000000000000000E+00  9.942568941457404774E-01  2.004540570107285202E-01  7.938028371350136503E-01
  4.308837437543831111E-02  1.000000000000000666E+00  1.387778780781445676E-17  3.122502256758252770E-17  0.000000000000000000E+00  9.942568941457395892E-01  2.004717235228183070E-01  7.937851706229239745E-01
  4.330659654675623332E-02  9.999999999999998890E-01 -5.898059818321144121E-17  6.938893903907228378E-18  0.000000000000000000E+00  9.942568941457397003E-01  2.004947908568001924E-01  7.937621032889421446E-01
  4.352500388803821896E-02  1.000000000000000222E+00 -9.367506770274758310E-17  6.938893903907228378E-18  0.000000000000000000E+00  9.942568941457362586E-01  2.005033814474022624E-01  7.937535126983318312E-01
  4.374359833158528166E-02  1.000000000000000222E+00 -6.071532165918824830E-17 -2.428612866367529932E-17  0.000000000000000000E+00  9.942568941457370357E-01  2.005081004653879451E-01  7.937487936803466759E-01
  4.396238250361794719E-02  1.000000000000000222E+00  1.040834085586084257E-16 -3.122502256758252770E-17  0.000000000000000000E+00  9.942568941457378129E-01  2.005270962541225166E-01  7.937297978916119101E-01
  4.418135913301281942E-02  1.000000000000000222E+00 -8.153200337090993344E-17  0.000000000000000000E+00  0.000000000000000000E+00  9.942568941457375908E-01  2.005630146625151655E-01  7.936938794832193445E-01
  4.440053046105140594E-02  9.999999999999997780E-01 -2.775557561562891351E-17  5.551115123125782702E-17  0.000000000000000000E+00  9.942568941457372578E-01  2.006064786746279138E-01  7.936504154711064851E-01
  4.461986600399396596E-02  9.999999999999995559E-01 -5.724587470723463412E-17  1.595945597898662527E-16  0.000000000000000000E+00  9.942568941457374798E-01  2.006284795873394811E-01  7.936284145583943905E-01
  4.483936494548561996E-02  9.999999999999987788E-01  6.938893903907228378E-18 -7.632783294297951215E-17  0.000000000000000000E+00  9.942568941457381460E-01  2.006289737104268722E-01  7.936279204353066108E-01
  4.505903107244086520E-02  9.999999999999993339E-01 -7.806255641895631925E-17  1.422473250300981817E-16  0.000000000000000000E+00  9.942568941457382570E-01  2.006372901984770363E-01  7.936196039472586117E-01
  4.527886747866005646E-02  9.999999999999993339E-01  3.642919299551294898E-17 -2.775557561562891351E-17  0.000000000000000000E+00  9.942568941457378129E-01  2.006577831909770737E-01  7.935991109547578803E-01
  4.549887651563704755E-02  1.000000000000000444E+00  2.255140518769849223E-17 -8.326672684688674053E-17  0.000000000000000000E+00  9.942568941457362586E-01  2.006921168199876371E-01  7.935647773257475945E-01
  4.571906009804427296E-02  9.999999999999995559E-01  6.071532165918824830E-17 -2.428612866367529932E-17  0.000000000000000000E+00  9.942568941457390341E-01  2.007279181546720304E-01  7.935289759910642005E-01
  4.593942024884559855E-02  9.999999999999994449E-01  2.168404344971008868E-16 -1.804112415015879378E-16  0.000000000000000000E+00  9.942568941457394782E-01  2.007534552721316756E-01  7.935034388736036393E-01
  4.615995877172330425E-02  9.999999999999993339E-01  1.734723475976807094E-16 -1.040834085586084257E-17  0.000000000000000000E+00  9.942568941457384790E-01  2.007724522155467650E-01  7.934844419301897434E-01
  4.638067765123997377E-02  9.999999999999995559E-01 -4.336808689942017736E-17  2.428612866367529932E-17  0.000000000000000000E+00  9.942568941457385900E-01  2.007909682201842183E-01  7.934659259255533170E-01
  4.660157884785210564E-02  9.999999999999998890E-01 -1.908195823574487804E-17  3.122502256758252770E-17  0.000000000000000000E+00  9.942568941457323728E-01  2.008153066951347820E-01  7.934415874505968969E-01
  4.682266418521733448E-02  1.000000000000000888E+00  6.591949208711866959E-17  0.000000000000000000E+00  0.000000000000000000E+00  9.942568941457335940E-01  2.008334917085855542E-01  7.934234024371473737E-01
  4.704393530585330996E-02  1.000000000000000000E+00 -4.163336342344337027E-17  1.595945597898662527E-16  0.000000000000000000E+00  9.942568941457323728E-01  2.008438683065397468E-01  7.934130258391922652E-01
  4.726539374902749557E-02  9.999999999999996669E-01  1.474514954580286030E-16 -7.285838599102589797E-17  0.000000000000000000E+00  9.942568941457330389E-01  2.008576604646301333E-01  7.933992336811024337E-01
  4.748704088420928338E-02  1.000000000000000888E+00 -1.942890293094023946E-16  8.673617379884035472E-17  0.000000000000000000E+00  9.942568941457329279E-01  2.008829086521185248E-01  7.933739854936179281E-01
  4.770887768433378084E-02  1.000000000000000000E+00 -4.857225732735059864E-17  0.000000000000000000E+00  0.000000000000000000E+00  9.942568941457349263E-01  2.009164915715573874E-01  7.933404025741800369E-01
  4.793090471893359655E-02  1.000000000000001332E+00 -1.162264728904460753E-16  3.469446951953614189E-17  0.000000000000000000E+00  9.942568941457322618E-01  2.009517571812918513E-01  7.933051369644438244E-01
  4.815312207717266368E-02  1.000000000000000000E+00  1.908195823574487804E-17 -6.938893903907228378E-18  0.000000000000000000E+00  9.942568941457335940E-01  2.009656552990088663E-01  7.932912388467292519E-01
  4.837552974796055505E-02  9.999999999999991118E-01  5.204170427930421283E-18  1.040834085586084257E-17  0.000000000000000000E+00  9.942568941457329279E-01  2.009658525927109363E-01  7.932910415530249892E-01
  4.859812730658815555E-02  9.999999999999998890E-01 -1.786765180256111307E-16  1.214306433183764966E-16  0.000000000000000000E+00  9.942568941457323728E-01  2.009729561909651130E-01  7.932839379547720338E-01
  4.882091383421797992E-02  1.000000000000000888E+00 -1.595945597898662527E-16  1.006139616066548115E-16  0.000000000000000000E+00  9.942568941457315956E-01  2.009958054204349087E-01  7.932610887253034315E-01
  4.904388896266556608E-02  9.999999999999994449E-01 -9.714451465470119729E-17 -4.163336342344337027E-17  0.000000000000000000E+00  9.942568941457345932E-01  2.010299924736969612E-01  7.932269016720413513E-01
  4.926705283750493908E-02  9.999999999999991118E-01 -3.816391647148975608E-17  5.898059818321144121E-17  0.000000000000000000E+00  9.942568941457347043E-01  2.010644449028541059E-01  7.931924492428844564E-01
  4.949040558743658669E-02  1.000000000000000000E+00 -2.775557561562891351E-17 -3.122502256758252770E-17  0.000000000000000000E+00  9.942568941457354814E-01  2.010856046518555706E-01  7.931712894938843794E-01
  4.971394677241501581E-02  1.000000000000001332E+00  1.214306433183764966E-16 -1.214306433183764966E-16  0.000000000000000000E+00  9.942568941457355924E-01  2.011012804764553685E-01  7.931556136692838876E-01
  4.993767518947651168E-02  9.999999999999997780E-01 -4.857225732735059864E-17 -3.469446951953614189E-17  0.000000000000000000E+00  9.942568941457348153E-01  2.011144657419191573E-01  7.931424284038203210E-01
  5.016158899765282148E-02  9.999999999999992228E-01 -2.428612866367529932E-17 -6.245004513516505540E-17  0.000000000000000000E+00  9.942568941457350373E-01  2.011322893361859598E-01  7.931246048095536016E-01
  5.016158899765282148E-02  9.999999999999992228E-01 -2.428612866367529932E-17 -6.245004513516505540E-17  0.000000000000000000E+00  9.942568941457350373E-01  2.011322893361859598E-01  7.931246048095536016E-01
